中山,右
阪神,右
京都,右
小倉,右
福島,右
札幌,右
函館,右
東京,左
新潟,左
中京,左
